3.298268841048818123e-01 -1.714696177234256158e-01 -5.308102911998239248e-01 -7.254441136936884416e-02 7.581491540949426566e-01
-8.134350918570451561e-02 -3.501104784221606980e-01 -6.329381894715433443e-01 6.857077618933927754e-01 0.000000000000000000e+00
-7.543359046100041043e-01 -5.936387295335473491e-01 6.601838528714201737e-02 2.724187486537608671e-01 0.000000000000000000e+00
8.185431906926300683e-02 5.983214040181984023e-02 4.309624534308179600e-01 2.800010255205336307e-01 8.518161625990573471e-01
1.693868855844837817e-01 6.793598230518101966e-01 -4.651470782882702881e-01 5.416793418387745307e-01 0.000000000000000000e+00
-8.217914521718199250e-01 1.059871069814869449e-01 1.058335320894075865e-01 -5.497497665088239005e-01 0.000000000000000000e+00
-6.205921263264210092e-02 -1.626750532308841590e-01 4.123282475507465406e-01 8.942431981600283963e-01 0.000000000000000000e+00
1.572356345389484267e-01 7.154617828995946116e-01 5.955896360814403323e-01 3.296428034003551777e-01 0.000000000000000000e+00
-5.228898063959571685e-01 2.483961467491985486e-01 -8.114569405484642894e-01 -8.014510766774818329e-02 0.000000000000000000e+00
7.458993268193131465e-01 -4.713384114577495176e-01 -6.848497870139201582e-02 -4.656007987828741368e-01 0.000000000000000000e+00
-3.298268841048818123e-01 1.714696177234256158e-01 5.308102911998239248e-01 7.254441136936884416e-02 -7.581491540949426566e-01
8.134350918570451561e-02 3.501104784221606980e-01 6.329381894715433443e-01 -6.857077618933927754e-01 -0.000000000000000000e+00
7.543359046100041043e-01 5.936387295335473491e-01 -6.601838528714201737e-02 -2.724187486537608671e-01 -0.000000000000000000e+00
-8.185431906926300683e-02 -5.983214040181984023e-02 -4.309624534308179600e-01 -2.800010255205336307e-01 -8.518161625990573471e-01
-1.693868855844837817e-01 -6.793598230518101966e-01 4.651470782882702881e-01 -5.416793418387745307e-01 -0.000000000000000000e+00
8.217914521718199250e-01 -1.059871069814869449e-01 -1.058335320894075865e-01 5.497497665088239005e-01 -0.000000000000000000e+00
6.205921263264210092e-02 1.626750532308841590e-01 -4.123282475507465406e-01 -8.942431981600283963e-01 -0.000000000000000000e+00
-1.572356345389484267e-01 -7.154617828995946116e-01 -5.955896360814403323e-01 -3.296428034003551777e-01 -0.000000000000000000e+00
5.228898063959571685e-01 -2.483961467491985486e-01 8.114569405484642894e-01 8.014510766774818329e-02 -0.000000000000000000e+00
-7.458993268193131465e-01 4.713384114577495176e-01 6.848497870139201582e-02 4.656007987828741368e-01 -0.000000000000000000e+00
