1.312119104371137213e-01 -8.404702447490181028e-01 5.257311121200346493e-01
5.194391777873927918e-01 8.109342037954457572e-02 8.506508083524659813e-01
9.215636651286782666e-01 -3.882272673507071725e-01 0.000000000000000000e+00
-5.194391777884506123e-01 -8.109342037865224784e-02 8.506508083519050967e-01
-7.593768243700734777e-01 -6.506510882259574080e-01 0.000000000000000000e+00
-1.312119104371137213e-01 8.404702447490181028e-01 -5.257311121200346493e-01
-5.194391777873927918e-01 -8.109342037954457572e-02 -8.506508083524659813e-01
-9.215636651286782666e-01 3.882272673507071725e-01 -0.000000000000000000e+00
5.194391777884506123e-01 8.109342037865224784e-02 -8.506508083519050967e-01
7.593768243700734777e-01 6.506510882259574080e-01 -0.000000000000000000e+00
