-7.627673129025804022e-02 2.093865643828603240e-01 6.553112601962307604e-01 -3.482580375874241158e-02 3.707238349855858095e-01 4.598448335938395415e-01 -1.876929798770680669e-01 3.472860439351523332e-01 -1.223264434027797748e-01 0.000000000000000000e+00
-3.048877782400623015e-01 5.803242051300149251e-01 -1.444418681805679228e-01 4.388061614801179178e-01 -7.189401720741910029e-02 5.811682987056084049e-02 3.246056105796210067e-01 -3.446075258233581851e-01 3.523967850099622434e-01 0.000000000000000000e+00
-5.687409404899427395e-02 6.562198819504880820e-01 8.097533000044246365e-02 3.234242748198749157e-02 -6.339153857468337039e-01 2.599753640987458314e-01 -3.309854523338424254e-02 2.958815794324890502e-01 2.145782621847573679e-02 0.000000000000000000e+00
3.262911138185862203e-01 -3.716729148621498169e-01 2.315074598599165256e-01 4.168966239650641337e-02 -6.263657438945786915e-02 7.521602403880600640e-01 2.907462431514671458e-02 9.742163543110632373e-02 3.464894586828946021e-01 0.000000000000000000e+00
-6.633427714870062664e-01 -1.876431614631452194e-01 1.818763994619544133e-01 -1.540331069058153146e-01 2.282395625434888442e-01 -2.198319172859626303e-01 -1.301174864859307168e-01 4.991325466740125782e-01 -3.185560540334830826e-01 0.000000000000000000e+00
3.808164591320338799e-01 8.413564930030890954e-02 2.707253526882870687e-01 1.505187164840832703e-01 -2.036360793124749047e-01 1.214556833938198188e-01 5.985757773498501244e-01 4.843882087627793265e-01 -3.206366830634551635e-01 0.000000000000000000e+00
1.707744531542308986e-01 2.415068867313620651e-02 4.710350019011853573e-01 1.546480718415011446e-01 -3.082056813028138942e-01 -8.454557590789429922e-02 4.596774727014997786e-01 3.072366234133459481e-02 6.403724014324095881e-01 0.000000000000000000e+00
-3.303193811300985661e-01 3.717055391193976321e-01 3.873533329272558223e-01 -1.674834463152180819e-01 3.269921327089433394e-01 -1.351566867443503572e-01 6.446646451682856993e-01 1.760687277870259804e-01 5.335637598791387326e-02 0.000000000000000000e+00
-2.945885877673493081e-01 -6.244235190917905021e-01 2.166108382096815776e-01 2.852679555663591437e-01 8.378014262572444637e-02 3.894316764707834166e-01 -3.007959926787478477e-01 -9.755776385087085167e-02 -3.692463698168808039e-01 0.000000000000000000e+00
3.598990954240482987e-01 -9.419455275867644195e-02 -1.803231724349940723e-01 1.568694683585860339e-01 4.041736765783632279e-02 -3.391417354213561719e-01 -3.372943834086366555e-01 6.914239536012657672e-02 7.545042733446063465e-01 0.000000000000000000e+00
-2.935048610096246610e-02 2.060631391319381334e-01 2.599724137236896215e-01 2.536629422208860896e-01 -2.380841907250788869e-01 -5.896431500070611342e-01 -2.405722822243274231e-02 6.405389412509079339e-01 9.753961139560256288e-02 0.000000000000000000e+00
-6.293496451430430350e-01 4.364839462125743447e-02 -1.385233903910719766e-01 2.841744085332482683e-01 1.648820954617505885e-01 5.961911032805856658e-01 1.716445011467185033e-01 2.957420787847324650e-01 5.014846639782141041e-02 0.000000000000000000e+00
2.911671761504084910e-01 -1.516478001636458739e-01 4.473112814269715187e-01 3.198456045249530311e-01 2.980548632554158028e-01 1.119938657834379653e-01 -4.318158692682765865e-01 -4.944508333300461356e-01 2.398126935679889271e-01 0.000000000000000000e+00
4.475638261430194276e-01 -2.276260780307647058e-01 -4.569820881074417862e-01 -6.415153724962951998e-01 -1.010494585432237108e-01 1.697370911788799175e-01 2.189974387362551567e-01 7.570822964567147650e-02 1.865076425393545623e-01 0.000000000000000000e+00
-1.281972356344489306e-01 2.130886143857771975e-01 5.180741137177189426e-01 -2.418195898360546992e-01 4.148564467520913235e-01 -5.159484458278100760e-01 -3.472954436563249203e-01 -1.483225435860653250e-03 2.288148040575978537e-01 0.000000000000000000e+00
-4.049999877166892692e-01 -4.092585317767465924e-01 2.470510189835108672e-01 1.359226158398889883e-01 -6.223890692387807899e-01 1.162514639954151663e-01 2.301515083064742673e-01 3.675787504615595780e-01 -2.624820804266154474e-03 0.000000000000000000e+00
-2.319218277114946380e-01 4.066525639121253838e-02 -6.571623831249194803e-01 -1.257142750749056792e-01 4.859447973738919568e-01 1.683747942909850220e-02 4.466774583426391665e-01 -8.552345637205453766e-02 2.315842520812306793e-01 0.000000000000000000e+00
4.674678811629056074e-01 -4.187847765480100237e-02 -5.424318106941860007e-01 -3.876066993766718281e-03 2.261804850558314928e-01 -4.704071820323519892e-01 -3.782604257797027997e-02 4.215760931091996344e-01 -1.840514589348044294e-01 0.000000000000000000e+00
6.093963858777295961e-01 1.064697789396831656e-01 5.876361981965045472e-02 1.234380529482015237e-01 8.829777778390345000e-02 5.069654532328905505e-01 -1.820224593662564949e-01 -5.947508839057970981e-02 -5.450964913992122352e-01 0.000000000000000000e+00
-3.056415286597835568e-01 -3.280676793784420009e-01 -3.702885123304075488e-01 5.434353662248133654e-01 1.202512847469735524e-01 -2.859555453291530713e-01 3.480990978515372536e-01 1.777610212355499320e-01 -3.428066015911020448e-01 0.000000000000000000e+00
-6.523223668718661772e-01 3.601799210465713580e-02 -3.417627819136987433e-01 2.442554103542073918e-01 -4.700522165760778193e-01 4.227177924472743514e-02 -1.877932526693186499e-01 -2.637822538323226218e-01 -2.629303263626339149e-01 0.000000000000000000e+00
2.500965648721694551e-02 -9.669229843898291543e-02 -1.735031316083273378e-01 3.219517545533270297e-01 -1.621989963646155997e-01 2.396733553949765561e-01 -3.209906160346988058e-01 7.344600791628753678e-01 -3.606250579103841836e-01 0.000000000000000000e+00
1.068303415883468527e-01 3.037718326546018921e-01 -5.013593164225058629e-01 -8.307118198285036448e-02 1.650008881999042165e-01 5.386089098726909441e-01 -3.299904074257749564e-01 1.733486901124962343e-01 4.263562807140977573e-01 0.000000000000000000e+00
-2.055513889664495053e-01 2.390603003993300654e-02 -2.394426104876006545e-01 3.950986398746845207e-01 7.058781132981474249e-01 -1.219547303036402769e-01 -3.427079733974930931e-01 2.954400829166478060e-01 1.608445354152642226e-01 0.000000000000000000e+00
1.044293049854846424e-02 6.217344904577943865e-01 -3.192151733264278479e-01 2.879589036877990282e-01 3.464213657009305725e-01 9.538770933285348197e-02 2.440253309067080822e-01 2.441256791271472770e-01 -4.245777013028390612e-01 0.000000000000000000e+00
-3.618145991518936788e-01 -3.557518981867817121e-01 -1.603950055137098596e-01 -6.935953062775540578e-01 -7.966501662647429427e-02 -2.446011940832304443e-01 8.545665855618067575e-02 -2.906512628541572663e-01 -2.788772489496346152e-01 0.000000000000000000e+00
-3.954950124138640333e-01 7.054221117551034287e-03 2.239697080579050592e-01 1.622456737015495476e-01 -1.911705652772009434e-01 1.763990773626702147e-01 -6.062719858844385357e-01 3.340153358632146907e-01 4.693112606521248065e-01 0.000000000000000000e+00
-4.808824058239905552e-01 6.220744143916241420e-01 -1.811345497633325974e-01 -5.339483312546352556e-01 7.691973587198755458e-02 1.655703256947194113e-01 -3.909794050296629131e-02 -1.694415932560758009e-01 -1.719616720874755922e-02 0.000000000000000000e+00
2.436840873362021986e-01 5.042929864196756817e-01 2.200661675966134878e-01 -4.949266820850183324e-01 -1.477253174763755374e-04 -1.680985976758873346e-01 -9.474567489291728373e-02 3.002665886004950435e-01 -5.152971794631120428e-01 0.000000000000000000e+00
-3.428855393443888122e-01 -2.474107910912406449e-01 1.569044953045928836e-01 -6.001837553665351210e-01 3.886284714431120224e-01 3.091571580684255305e-01 7.372400978280937989e-02 1.054784565959726861e-01 4.161810602153453997e-01 0.000000000000000000e+00
-2.909511004957698529e-02 3.520326458760050237e-01 2.185437559330614121e-01 -7.389586416967232341e-02 -1.177269596338319790e-01 -5.199796074390321265e-02 -3.194333231516882088e-01 -7.132826238416396514e-01 -4.411704256290703285e-01 0.000000000000000000e+00
-7.177523862708365399e-02 8.743414559640504125e-02 -2.577109881492889998e-01 -5.221035352300942289e-01 -3.473589324557940228e-01 -4.060398645010747098e-01 -5.058151900770133658e-01 2.916840009864641869e-01 1.474495436622641209e-01 0.000000000000000000e+00
-2.271752221889240531e-01 -1.440666847623251479e-01 -1.179967066932920278e-01 -4.737828422286236574e-01 -4.066350754403950662e-01 6.058022040756008142e-01 -3.274607364193234949e-01 1.364246336541998783e-01 -1.762163294904029731e-01 0.000000000000000000e+00
7.627673129025804022e-02 -2.093865643828603240e-01 -6.553112601962307604e-01 3.482580375874241158e-02 -3.707238349855858095e-01 -4.598448335938395415e-01 1.876929798770680669e-01 -3.472860439351523332e-01 1.223264434027797748e-01 -0.000000000000000000e+00
3.048877782400623015e-01 -5.803242051300149251e-01 1.444418681805679228e-01 -4.388061614801179178e-01 7.189401720741910029e-02 -5.811682987056084049e-02 -3.246056105796210067e-01 3.446075258233581851e-01 -3.523967850099622434e-01 -0.000000000000000000e+00
5.687409404899427395e-02 -6.562198819504880820e-01 -8.097533000044246365e-02 -3.234242748198749157e-02 6.339153857468337039e-01 -2.599753640987458314e-01 3.309854523338424254e-02 -2.958815794324890502e-01 -2.145782621847573679e-02 -0.000000000000000000e+00
-3.262911138185862203e-01 3.716729148621498169e-01 -2.315074598599165256e-01 -4.168966239650641337e-02 6.263657438945786915e-02 -7.521602403880600640e-01 -2.907462431514671458e-02 -9.742163543110632373e-02 -3.464894586828946021e-01 -0.000000000000000000e+00
6.633427714870062664e-01 1.876431614631452194e-01 -1.818763994619544133e-01 1.540331069058153146e-01 -2.282395625434888442e-01 2.198319172859626303e-01 1.301174864859307168e-01 -4.991325466740125782e-01 3.185560540334830826e-01 -0.000000000000000000e+00
-3.808164591320338799e-01 -8.413564930030890954e-02 -2.707253526882870687e-01 -1.505187164840832703e-01 2.036360793124749047e-01 -1.214556833938198188e-01 -5.985757773498501244e-01 -4.843882087627793265e-01 3.206366830634551635e-01 -0.000000000000000000e+00
-1.707744531542308986e-01 -2.415068867313620651e-02 -4.710350019011853573e-01 -1.546480718415011446e-01 3.082056813028138942e-01 8.454557590789429922e-02 -4.596774727014997786e-01 -3.072366234133459481e-02 -6.403724014324095881e-01 -0.000000000000000000e+00
3.303193811300985661e-01 -3.717055391193976321e-01 -3.873533329272558223e-01 1.674834463152180819e-01 -3.269921327089433394e-01 1.351566867443503572e-01 -6.446646451682856993e-01 -1.760687277870259804e-01 -5.335637598791387326e-02 -0.000000000000000000e+00
2.945885877673493081e-01 6.244235190917905021e-01 -2.166108382096815776e-01 -2.852679555663591437e-01 -8.378014262572444637e-02 -3.894316764707834166e-01 3.007959926787478477e-01 9.755776385087085167e-02 3.692463698168808039e-01 -0.000000000000000000e+00
-3.598990954240482987e-01 9.419455275867644195e-02 1.803231724349940723e-01 -1.568694683585860339e-01 -4.041736765783632279e-02 3.391417354213561719e-01 3.372943834086366555e-01 -6.914239536012657672e-02 -7.545042733446063465e-01 -0.000000000000000000e+00
2.935048610096246610e-02 -2.060631391319381334e-01 -2.599724137236896215e-01 -2.536629422208860896e-01 2.380841907250788869e-01 5.896431500070611342e-01 2.405722822243274231e-02 -6.405389412509079339e-01 -9.753961139560256288e-02 -0.000000000000000000e+00
6.293496451430430350e-01 -4.364839462125743447e-02 1.385233903910719766e-01 -2.841744085332482683e-01 -1.648820954617505885e-01 -5.961911032805856658e-01 -1.716445011467185033e-01 -2.957420787847324650e-01 -5.014846639782141041e-02 -0.000000000000000000e+00
-2.911671761504084910e-01 1.516478001636458739e-01 -4.473112814269715187e-01 -3.198456045249530311e-01 -2.980548632554158028e-01 -1.119938657834379653e-01 4.318158692682765865e-01 4.944508333300461356e-01 -2.398126935679889271e-01 -0.000000000000000000e+00
-4.475638261430194276e-01 2.276260780307647058e-01 4.569820881074417862e-01 6.415153724962951998e-01 1.010494585432237108e-01 -1.697370911788799175e-01 -2.189974387362551567e-01 -7.570822964567147650e-02 -1.865076425393545623e-01 -0.000000000000000000e+00
1.281972356344489306e-01 -2.130886143857771975e-01 -5.180741137177189426e-01 2.418195898360546992e-01 -4.148564467520913235e-01 5.159484458278100760e-01 3.472954436563249203e-01 1.483225435860653250e-03 -2.288148040575978537e-01 -0.000000000000000000e+00
4.049999877166892692e-01 4.092585317767465924e-01 -2.470510189835108672e-01 -1.359226158398889883e-01 6.223890692387807899e-01 -1.162514639954151663e-01 -2.301515083064742673e-01 -3.675787504615595780e-01 2.624820804266154474e-03 -0.000000000000000000e+00
2.319218277114946380e-01 -4.066525639121253838e-02 6.571623831249194803e-01 1.257142750749056792e-01 -4.859447973738919568e-01 -1.683747942909850220e-02 -4.466774583426391665e-01 8.552345637205453766e-02 -2.315842520812306793e-01 -0.000000000000000000e+00
-4.674678811629056074e-01 4.187847765480100237e-02 5.424318106941860007e-01 3.876066993766718281e-03 -2.261804850558314928e-01 4.704071820323519892e-01 3.782604257797027997e-02 -4.215760931091996344e-01 1.840514589348044294e-01 -0.000000000000000000e+00
-6.093963858777295961e-01 -1.064697789396831656e-01 -5.876361981965045472e-02 -1.234380529482015237e-01 -8.829777778390345000e-02 -5.069654532328905505e-01 1.820224593662564949e-01 5.947508839057970981e-02 5.450964913992122352e-01 -0.000000000000000000e+00
3.056415286597835568e-01 3.280676793784420009e-01 3.702885123304075488e-01 -5.434353662248133654e-01 -1.202512847469735524e-01 2.859555453291530713e-01 -3.480990978515372536e-01 -1.777610212355499320e-01 3.428066015911020448e-01 -0.000000000000000000e+00
6.523223668718661772e-01 -3.601799210465713580e-02 3.417627819136987433e-01 -2.442554103542073918e-01 4.700522165760778193e-01 -4.227177924472743514e-02 1.877932526693186499e-01 2.637822538323226218e-01 2.629303263626339149e-01 -0.000000000000000000e+00
-2.500965648721694551e-02 9.669229843898291543e-02 1.735031316083273378e-01 -3.219517545533270297e-01 1.621989963646155997e-01 -2.396733553949765561e-01 3.209906160346988058e-01 -7.344600791628753678e-01 3.606250579103841836e-01 -0.000000000000000000e+00
-1.068303415883468527e-01 -3.037718326546018921e-01 5.013593164225058629e-01 8.307118198285036448e-02 -1.650008881999042165e-01 -5.386089098726909441e-01 3.299904074257749564e-01 -1.733486901124962343e-01 -4.263562807140977573e-01 -0.000000000000000000e+00
2.055513889664495053e-01 -2.390603003993300654e-02 2.394426104876006545e-01 -3.950986398746845207e-01 -7.058781132981474249e-01 1.219547303036402769e-01 3.427079733974930931e-01 -2.954400829166478060e-01 -1.608445354152642226e-01 -0.000000000000000000e+00
-1.044293049854846424e-02 -6.217344904577943865e-01 3.192151733264278479e-01 -2.879589036877990282e-01 -3.464213657009305725e-01 -9.538770933285348197e-02 -2.440253309067080822e-01 -2.441256791271472770e-01 4.245777013028390612e-01 -0.000000000000000000e+00
3.618145991518936788e-01 3.557518981867817121e-01 1.603950055137098596e-01 6.935953062775540578e-01 7.966501662647429427e-02 2.446011940832304443e-01 -8.545665855618067575e-02 2.906512628541572663e-01 2.788772489496346152e-01 -0.000000000000000000e+00
3.954950124138640333e-01 -7.054221117551034287e-03 -2.239697080579050592e-01 -1.622456737015495476e-01 1.911705652772009434e-01 -1.763990773626702147e-01 6.062719858844385357e-01 -3.340153358632146907e-01 -4.693112606521248065e-01 -0.000000000000000000e+00
4.808824058239905552e-01 -6.220744143916241420e-01 1.811345497633325974e-01 5.339483312546352556e-01 -7.691973587198755458e-02 -1.655703256947194113e-01 3.909794050296629131e-02 1.694415932560758009e-01 1.719616720874755922e-02 -0.000000000000000000e+00
-2.436840873362021986e-01 -5.042929864196756817e-01 -2.200661675966134878e-01 4.949266820850183324e-01 1.477253174763755374e-04 1.680985976758873346e-01 9.474567489291728373e-02 -3.002665886004950435e-01 5.152971794631120428e-01 -0.000000000000000000e+00
3.428855393443888122e-01 2.474107910912406449e-01 -1.569044953045928836e-01 6.001837553665351210e-01 -3.886284714431120224e-01 -3.091571580684255305e-01 -7.372400978280937989e-02 -1.054784565959726861e-01 -4.161810602153453997e-01 -0.000000000000000000e+00
2.909511004957698529e-02 -3.520326458760050237e-01 -2.185437559330614121e-01 7.389586416967232341e-02 1.177269596338319790e-01 5.199796074390321265e-02 3.194333231516882088e-01 7.132826238416396514e-01 4.411704256290703285e-01 -0.000000000000000000e+00
7.177523862708365399e-02 -8.743414559640504125e-02 2.577109881492889998e-01 5.221035352300942289e-01 3.473589324557940228e-01 4.060398645010747098e-01 5.058151900770133658e-01 -2.916840009864641869e-01 -1.474495436622641209e-01 -0.000000000000000000e+00
2.271752221889240531e-01 1.440666847623251479e-01 1.179967066932920278e-01 4.737828422286236574e-01 4.066350754403950662e-01 -6.058022040756008142e-01 3.274607364193234949e-01 -1.364246336541998783e-01 1.762163294904029731e-01 -0.000000000000000000e+00
