-7.70831423643892854614 5.48286461856626594624 -0.80032140096551462882   -2709.09350555600940424483
  4.85805691264515360217 -7.08350641218771404084 -7.08350658610458872033   -2709.09350557176594520570
  5.48286426533125759164 -1.42512689833469430312 5.48286419169482730496   -2709.09350549355667681084
 -7.08350630122555102730 -0.80032108837889803787 -7.70831388651123905476   -2709.09350557168727391399
  4.85805694288144440662 5.48286375964884786782 -0.80032050569581714150   -2709.09350555493938372820
 -0.80032121679615697563 4.85805684900407985793 5.48286439499862421343   -2709.09350557122661484755
  5.48286407098383410386 -1.42512861488661934928 -0.80032048917725584491   -2709.09350555907849411597
  5.48286423332779904172 -7.70831365055350836712 -7.08350637243893910266   -2709.09350557251946156612
 -7.08350643229762777509 5.48286437262171677531 4.85805675551343352225   -2709.09350557140942328260
 -7.08350665644408028498 -1.42512850895411702368 -0.80032091405431882158   -2709.09350556950857935590
 -0.80032133030147900588 -0.80032104177963681035 -7.70831388788618632191   -2709.09350557023662986467
  5.48286442320832367869 4.85805681156026025747 -7.08350640074332549290   -2709.09350557116931668133
  5.48286420997038170810 5.48286435678883421474 4.85805693683324246734   -2709.09350557198968090233
 -0.80032124981073848868 -7.70831425087476951319 5.48286442797756379264   -2709.09350556156186939916
 -1.42512848987256934841 -7.08350641504729061637 5.48286392007159495421   -2709.09350557006291637663
 -7.08350630918589008189 5.48286387365269511918 -1.42512872579062954692   -2709.09350556596791648190
  5.48286415546259675580 -7.08350636595911797855 4.85805666536775770936   -2709.09350557114521507174
 -1.42512860873410551754 -0.80032092599155224555 5.48286405588034142511   -2709.09350557002062487300
 -0.80031984424240099063 5.48286442213472469120 -7.70831377305815212964   -2709.09350552069599871174
 -7.08350616051122550232 -0.80032121672423217618 4.85805686481218934603   -2709.09350557042716900469
  5.48286421133800327965 4.85805264148495208332 5.48286431383194994282   -2709.09350496532397301053
 -7.70831408964693753916 -7.08350650142796567366 -0.80032095869790909060   -2709.09350556765866713249
 -0.80032105377695395010 -7.70831384157507315535 -0.80032141796615097196   -2709.09350556914478147519
 -7.70831383238168577066 -0.80032123366603269421 -7.08350637748875477939   -2709.09350557191055486328
  4.85805693634098467726 5.48286443099129083834 -7.08350630103460954246   -2709.09350557073730669799
 -7.08350650478417342981 5.48286451490059434377 -7.70831375446244226879   -2709.09350556946583310491
  4.85805675554674021299 5.48286415375518831894 5.48286415250952874345   -2709.09350557212746934965
 -7.08350640752522942023 -7.70831374577146277716 5.48286430799490887011   -2709.09350557249490520917
 -7.70831377525987271326 -7.08350660795480546739 5.48286420994690271158   -2709.09350557148763982696
  4.85805687389864360171 -0.80032118235327853739 -0.80032091721151410457   -2709.09350557153447880410
 -7.08350680550293176907 -7.08350720335281192064 -7.70831388051689980756   -2709.09350554674301747582
 -7.70831388835359554434 5.48286442509873861439 -7.08350548016390035855   -2709.09350554292768720188
 -7.08350660117784602932 4.85805676402065600428 5.48286416564300793652   -2709.09350557112611568300
 -1.42512841198090534078 5.48286394180834246725 -0.80032071590699505048   -2709.09350556582694480312
  5.48286432906423382150 -7.08350619578846441016 -7.70831392919170266254   -2709.09350556963909184560
 -0.80032091713062192273 5.48286427844116452945 -1.42512867034198631444   -2709.09350556960271205753
 -7.70831374250842848994 -0.80032109659315731065 5.48286425334666915887   -2709.09350557275547544123
 -0.80032105732257130537 -0.80032116796301011608 4.85805687497337679304   -2709.09350557261950598331
 -0.80032093674285653684 -1.42512841982420912501 -0.80032109710760801491   -2709.09350557196466979804
 -1.42512851902149284555 -7.08350656912121845465 -7.08350641988517981673   -2709.09350557170819229214
  5.48286423978852610617 -7.70831374694072390952 5.48286428780460788346   -2709.09350557257721447968
 -7.08350637549709816199 4.85805708029950444882 -0.80032111266909500280   -2709.09350557141760873492
  5.48286446654764336728 -1.42512832818932100309 -7.08350640638301332075   -2709.09350557032303186134
 -1.42512856630895545784 5.48286422299566478245 -7.08350661850371743355   -2709.09350557074867538176
  5.48286441289454273829 -0.80032117866181773369 -7.70831352702965411083   -2709.09350556979734392371
  4.85805683329866422326 -7.08350632990417761192 -0.80032079583537452105   -2709.09350556958679590025
 -7.08350629794688124719 -7.70831368372181469084 -7.08350643873062324474   -2709.09350557231937273173
 -0.80032118398853180352 -7.08350632758444209713 4.85805698020626497424   -2709.09350557205107179470
 -0.80032100646606296745 4.85805685300972633911 -7.08350640944648812791   -2709.09350557251991631347
 -0.80032107401070495811 -7.70831386101883087036 -7.08350636677942446795   -2709.09350557221750932513
  4.85805699339526775304 -0.80032118867879920021 5.48286438378698548490   -2709.09350557112929891446
  5.48286419818559345174 -0.80032116703820588288 4.85805693269097016440   -2709.09350557258403568994
 -0.80032119311433280728 -1.42512871438086485831 5.48286440647648554148   -2709.09350556850540669984
 -7.08350660040942070594 4.85805669322067767979 -7.08350655251856409222   -2709.09350556979688917636
-7.08350637134664040673 -7.08350647858843895932 4.85805703209347150562   -2709.09350557182960983482
 -0.80032117652228340621 -1.42512834681911337853 -7.08350620958068777355   -2709.09350557115885749226
 -7.08350649793540299015 -7.08350635308772691445 -1.42512861154286119003   -2709.09350557133484471706
  5.48286416847491597792 4.85805671608767664083 -0.80032105723814417342   -2709.09350557182324337191
 -7.70831379539616534657 -0.80032106098611133227 -0.80032123565639434748   -2709.09350557206926168874
 -1.42512838642839034797 -0.80032110036463255387 -7.08350645710676118938   -2709.09350557268908232800
  5.48286452106693733555 5.48286437058759812402 -1.42512854968049462734   -2709.09350556829940614989
 -0.80032117160530902300 4.85805697821204596210 -0.80032138283047526972   -2709.09350556977369706146
 -0.80032115013904880918 -7.08350632069803598512 -7.70831364935882490386   -2709.09350557225479860790
 -0.80032101585005976929 5.48286395295133122119 4.85805698360035709271   -2709.09350557016205129912
  4.85805697841017547489 -7.08350653498898896743 5.48286418837766653667   -2709.09350557196148656658
  5.48286418086353855017 -7.08350633579308386345 -1.42512853067319067435   -2709.09350557228572142776
 -7.08350638226602313807 -7.70831387034618131793 -0.80032108454557016053   -2709.09350557218294852646
  5.48286415478416166991 -0.80032109728036404661 -1.42512859575181338734   -2709.09350557179141105735
 -1.42512846526856917784 -7.08350651148719645533 -0.80032109616329083490   -2709.09350557243442381150
 -0.80032095450332740860 -0.80032086310963101994 -1.42512846580508112382   -2709.09350557028938055737
 -1.42512824968292206584 -0.80032115779543133716 -0.80032116251132656704   -2709.09350557151901739417
 -7.08350676494696074315 -0.80032109564819842173 -1.42512862917910254623   -2709.09350556736899306998
 -7.70831382311928603457 -7.08350669982525538160 -7.08350612661940548520   -2709.09350556729850723059
 -7.08350654257346157294 -1.42512842041297171924 -7.08350610972545702282   -2709.09350556939625676023
  5.48286399644982758161 -7.70831369786510389730 -0.80032105207416781578   -2709.09350557128709624521
  5.48286438598740755168 5.48286410132103529946 -7.70831367620941154684   -2709.09350557132074754918
 -7.70831373102442629630 5.48286427794758868259 5.48286416898305173362   -2709.09350557261723224656
 -1.42512843016568813148 5.48286427967310796561 5.48286416883135796496   -2709.09350557260995628894
  4.85805671669331307072 -0.80032101630429741679 -7.08350632451026740455   -2709.09350557148945881636
 -7.08350648854419517875 -1.42512843260504595833 5.48286426908440294170   -2709.09350557249126723036
 -0.80032098956979069726 -7.08350646873472289400 -1.42512835073603616465   -2709.09350557210927945562
