  4.11120694084334381557 7.70627791530924621810  
  7.70627971884086093723 7.70627964693949873975  
  0.33301846024179088124 7.70627762417268513673  
  4.11120699473918893574 4.11120845109456212185  
  7.70627849165455369729 2.19327974084517807185  
  2.19328155341503094888 4.11120760722273193011  
  7.70627819508913347590 1.17008831332833818095  
  2.19328003293247109085 7.70627714149270648392  
  7.70627600960940295494 4.11120647021304552737  
  0.62422838412881076486 4.11120673995062180239  
  4.11120718976850341164 2.19328002502157692888  
  2.19328061346317948477 2.19328264989344923208  
  1.17008891360529854175 7.70627935754481629971 
  4.11120466559871733381 0.62422899245346419317 
  1.17008874370634607942 4.11120759523295387083 
  0.62422850285518238778 7.70627694104783689255 
  2.19328018798960489022 0.33301844184297074714 
  1.17008875955952573733 0.33301841719443991963 
  2.19329075814707774583 1.17008864260578748784 
  1.17008875783829791040 2.19327986490964743638 
  4.11120756047275115463 0.33301840125049753105 
  4.11120729288359676445 1.17008884316351435828 
  7.70627732528209996588 0.62422844083969308837 
  7.70627844278012918977 0.33301845994962064879 
  0.33301844135236613464 4.11120868949774376233 
  0.62422878253617841704 1.17008884684157732359 
  1.17008930340304861950 1.17008917869637518727 
  0.33301849805878203092 0.33301847176656401706 
  2.19328036233349221718 0.62422845377365865360 
  0.62422836262795045048 2.19327970307988318055 
  0.33301843057758601097 1.17008892021720134480 
  0.33301845108611277668 2.19327978796430578257 
  0.33301833638948696859 0.62422826779801887653 
  1.17008891710953921717 0.62422843221425516891 
  0.62422820786592647657 0.62422849569071103826 
  0.62422833034525260221 0.33301841854701663692 

