8.333333336056063523e-01 3.749999998995625083e-01 2.000000000000000000e+00
8.333333336815363923e-01 8.749999996773726307e-01 2.000000000000000000e+00
5.000000000331038530e-01 1.249999991712599096e-01 2.000000000000001776e+00
5.000000003571823948e-01 6.249999996082451492e-01 2.000000000000000000e+00
5.000000001045988851e-01 8.749999997593659318e-01 2.000000000000000000e+00
8.333333337053663303e-01 6.250000002366282725e-01 2.000000000000000000e+00
8.333333334189566566e-01 1.250000000243805254e-01 2.000000000000000000e+00
4.999999999806312156e-01 3.749999996560955950e-01 2.000000000000000000e+00
1.666666661589480680e-01 6.249999988381804705e-01 2.000000000000003553e+00
1.666666669719880367e-01 8.750000001299769181e-01 2.000000000000000000e+00
1.666666665110624612e-01 1.249999998393023365e-01 2.000000000000000000e+00
1.666666662445222824e-01 3.750000001292468355e-01 2.000000000000000000e+00
