-8.003210990284582715e-01 -7.708313736115149695e+00 -1.867309088310238963e+02
-8.003211011634745464e-01 -1.425128425855379799e+00 -1.867309088310238394e+02
5.482864207089735764e+00 4.858056880032046720e+00 -1.867309088310239247e+02
5.482864209329139094e+00 -1.425128430610658636e+00 -1.867309088310238678e+02
-7.708313732801526541e+00 -7.083506406823556922e+00 -1.867309088310239247e+02
-7.708313736105173675e+00 5.482864208328328992e+00 -1.867309088310239247e+02
4.858056879380734827e+00 -7.083506407916594583e+00 -1.867309088310239247e+02
-7.083506406663101274e+00 4.858056879606626133e+00 -1.867309088310238963e+02
-8.003211004153544250e-01 4.858056878704703152e+00 -1.867309088310238963e+02
-7.708313734371264658e+00 -8.003211003242759469e-01 -1.867309088310239247e+02
4.858056877762729542e+00 5.482864205165355997e+00 -1.867309088310239247e+02
4.858056877429107523e+00 1.176604951695681756e+01 -1.867309088310238963e+02
-7.083506405576715181e+00 -1.425128427891612759e+00 -1.867309088310238678e+02
4.858056879179992293e+00 -8.003211018269303922e-01 -1.867309088310239247e+02
5.482864204171664646e+00 -7.708313733433511672e+00 -1.867309088310239247e+02
-1.425128425938559484e+00 -8.003211008114635705e-01 -1.867309088310238678e+02
-1.425128427978578527e+00 -7.083506408791244269e+00 -1.867309088310238963e+02
-1.425128428534671254e+00 5.482864206236264693e+00 -1.867309088310238678e+02
