0.6242288703554796 0.6242288703554796 0.6242288703554796
0.6242288703554796 0.6242288703554796 0.33301846845633576
0.6242288703554796 0.6242288703554796 1.1700880740862347
0.6242288703554796 0.6242288703554796 2.1932804745261136
0.6242288703554796 0.6242288703554796 4.111206652194669
0.6242288703554796 0.6242288703554796 7.706278178588762
0.6242288703554796 0.33301846845633576 0.6242288703554796
0.6242288703554796 0.33301846845633576 0.33301846845633576
0.6242288703554796 0.33301846845633576 1.1700880740862347
0.6242288703554796 0.33301846845633576 2.1932804745261136
0.6242288703554796 0.33301846845633576 4.111206652194669
0.6242288703554796 0.33301846845633576 7.706278178588762
0.6242288703554796 1.1700880740862347 0.6242288703554796
0.6242288703554796 1.1700880740862347 0.33301846845633576
0.6242288703554796 1.1700880740862347 1.1700880740862347
0.6242288703554796 1.1700880740862347 2.1932804745261136
0.6242288703554796 1.1700880740862347 4.111206652194669
0.6242288703554796 1.1700880740862347 7.706278178588762
0.6242288703554796 2.1932804745261136 0.6242288703554796
0.6242288703554796 2.1932804745261136 0.33301846845633576
0.6242288703554796 2.1932804745261136 1.1700880740862347
0.6242288703554796 2.1932804745261136 2.1932804745261136
0.6242288703554796 2.1932804745261136 4.111206652194669
0.6242288703554796 2.1932804745261136 7.706278178588762
0.6242288703554796 4.111206652194669 0.6242288703554796
0.6242288703554796 4.111206652194669 0.33301846845633576
0.6242288703554796 4.111206652194669 1.1700880740862347
0.6242288703554796 4.111206652194669 2.1932804745261136
0.6242288703554796 4.111206652194669 4.111206652194669
0.6242288703554796 4.111206652194669 7.706278178588762
0.6242288703554796 7.706278178588762 0.6242288703554796
0.6242288703554796 7.706278178588762 0.33301846845633576
0.6242288703554796 7.706278178588762 1.1700880740862347
0.6242288703554796 7.706278178588762 2.1932804745261136
0.6242288703554796 7.706278178588762 4.111206652194669
0.6242288703554796 7.706278178588762 7.706278178588762
0.33301846845633576 0.6242288703554796 0.6242288703554796
0.33301846845633576 0.6242288703554796 0.33301846845633576
0.33301846845633576 0.6242288703554796 1.1700880740862347
0.33301846845633576 0.6242288703554796 2.1932804745261136
0.33301846845633576 0.6242288703554796 4.111206652194669
0.33301846845633576 0.6242288703554796 7.706278178588762
0.33301846845633576 0.33301846845633576 0.6242288703554796
0.33301846845633576 0.33301846845633576 0.33301846845633576
0.33301846845633576 0.33301846845633576 1.1700880740862347
0.33301846845633576 0.33301846845633576 2.1932804745261136
0.33301846845633576 0.33301846845633576 4.111206652194669
0.33301846845633576 0.33301846845633576 7.706278178588762
0.33301846845633576 1.1700880740862347 0.6242288703554796
0.33301846845633576 1.1700880740862347 0.33301846845633576
0.33301846845633576 1.1700880740862347 1.1700880740862347
0.33301846845633576 1.1700880740862347 2.1932804745261136
0.33301846845633576 1.1700880740862347 4.111206652194669
0.33301846845633576 1.1700880740862347 7.706278178588762
0.33301846845633576 2.1932804745261136 0.6242288703554796
0.33301846845633576 2.1932804745261136 0.33301846845633576
0.33301846845633576 2.1932804745261136 1.1700880740862347
0.33301846845633576 2.1932804745261136 2.1932804745261136
0.33301846845633576 2.1932804745261136 4.111206652194669
0.33301846845633576 2.1932804745261136 7.706278178588762
0.33301846845633576 4.111206652194669 0.6242288703554796
0.33301846845633576 4.111206652194669 0.33301846845633576
0.33301846845633576 4.111206652194669 1.1700880740862347
0.33301846845633576 4.111206652194669 2.1932804745261136
0.33301846845633576 4.111206652194669 4.111206652194669
0.33301846845633576 4.111206652194669 7.706278178588762
0.33301846845633576 7.706278178588762 0.6242288703554796
0.33301846845633576 7.706278178588762 0.33301846845633576
0.33301846845633576 7.706278178588762 1.1700880740862347
0.33301846845633576 7.706278178588762 2.1932804745261136
0.33301846845633576 7.706278178588762 4.111206652194669
0.33301846845633576 7.706278178588762 7.706278178588762
1.1700880740862347 0.6242288703554796 0.6242288703554796
1.1700880740862347 0.6242288703554796 0.33301846845633576
1.1700880740862347 0.6242288703554796 1.1700880740862347
1.1700880740862347 0.6242288703554796 2.1932804745261136
1.1700880740862347 0.6242288703554796 4.111206652194669
1.1700880740862347 0.6242288703554796 7.706278178588762
1.1700880740862347 0.33301846845633576 0.6242288703554796
1.1700880740862347 0.33301846845633576 0.33301846845633576
1.1700880740862347 0.33301846845633576 1.1700880740862347
1.1700880740862347 0.33301846845633576 2.1932804745261136
1.1700880740862347 0.33301846845633576 4.111206652194669
1.1700880740862347 0.33301846845633576 7.706278178588762
1.1700880740862347 1.1700880740862347 0.6242288703554796
1.1700880740862347 1.1700880740862347 0.33301846845633576
1.1700880740862347 1.1700880740862347 1.1700880740862347
1.1700880740862347 1.1700880740862347 2.1932804745261136
1.1700880740862347 1.1700880740862347 4.111206652194669
1.1700880740862347 1.1700880740862347 7.706278178588762
1.1700880740862347 2.1932804745261136 0.6242288703554796
1.1700880740862347 2.1932804745261136 0.33301846845633576
1.1700880740862347 2.1932804745261136 1.1700880740862347
1.1700880740862347 2.1932804745261136 2.1932804745261136
1.1700880740862347 2.1932804745261136 4.111206652194669
1.1700880740862347 2.1932804745261136 7.706278178588762
1.1700880740862347 4.111206652194669 0.6242288703554796
1.1700880740862347 4.111206652194669 0.33301846845633576
1.1700880740862347 4.111206652194669 1.1700880740862347
1.1700880740862347 4.111206652194669 2.1932804745261136
1.1700880740862347 4.111206652194669 4.111206652194669
1.1700880740862347 4.111206652194669 7.706278178588762
1.1700880740862347 7.706278178588762 0.6242288703554796
1.1700880740862347 7.706278178588762 0.33301846845633576
1.1700880740862347 7.706278178588762 1.1700880740862347
1.1700880740862347 7.706278178588762 2.1932804745261136
1.1700880740862347 7.706278178588762 4.111206652194669
1.1700880740862347 7.706278178588762 7.706278178588762
2.1932804745261136 0.6242288703554796 0.6242288703554796
2.1932804745261136 0.6242288703554796 0.33301846845633576
2.1932804745261136 0.6242288703554796 1.1700880740862347
2.1932804745261136 0.6242288703554796 2.1932804745261136
2.1932804745261136 0.6242288703554796 4.111206652194669
2.1932804745261136 0.6242288703554796 7.706278178588762
2.1932804745261136 0.33301846845633576 0.6242288703554796
2.1932804745261136 0.33301846845633576 0.33301846845633576
2.1932804745261136 0.33301846845633576 1.1700880740862347
2.1932804745261136 0.33301846845633576 2.1932804745261136
2.1932804745261136 0.33301846845633576 4.111206652194669
2.1932804745261136 0.33301846845633576 7.706278178588762
2.1932804745261136 1.1700880740862347 0.6242288703554796
2.1932804745261136 1.1700880740862347 0.33301846845633576
2.1932804745261136 1.1700880740862347 1.1700880740862347
2.1932804745261136 1.1700880740862347 2.1932804745261136
2.1932804745261136 1.1700880740862347 4.111206652194669
2.1932804745261136 1.1700880740862347 7.706278178588762
2.1932804745261136 2.1932804745261136 0.6242288703554796
2.1932804745261136 2.1932804745261136 0.33301846845633576
2.1932804745261136 2.1932804745261136 1.1700880740862347
2.1932804745261136 2.1932804745261136 2.1932804745261136
2.1932804745261136 2.1932804745261136 4.111206652194669
2.1932804745261136 2.1932804745261136 7.706278178588762
2.1932804745261136 4.111206652194669 0.6242288703554796
2.1932804745261136 4.111206652194669 0.33301846845633576
2.1932804745261136 4.111206652194669 1.1700880740862347
2.1932804745261136 4.111206652194669 2.1932804745261136
2.1932804745261136 4.111206652194669 4.111206652194669
2.1932804745261136 4.111206652194669 7.706278178588762
2.1932804745261136 7.706278178588762 0.6242288703554796
2.1932804745261136 7.706278178588762 0.33301846845633576
2.1932804745261136 7.706278178588762 1.1700880740862347
2.1932804745261136 7.706278178588762 2.1932804745261136
2.1932804745261136 7.706278178588762 4.111206652194669
2.1932804745261136 7.706278178588762 7.706278178588762
4.111206652194669 0.6242288703554796 0.6242288703554796
4.111206652194669 0.6242288703554796 0.33301846845633576
4.111206652194669 0.6242288703554796 1.1700880740862347
4.111206652194669 0.6242288703554796 2.1932804745261136
4.111206652194669 0.6242288703554796 4.111206652194669
4.111206652194669 0.6242288703554796 7.706278178588762
4.111206652194669 0.33301846845633576 0.6242288703554796
4.111206652194669 0.33301846845633576 0.33301846845633576
4.111206652194669 0.33301846845633576 1.1700880740862347
4.111206652194669 0.33301846845633576 2.1932804745261136
4.111206652194669 0.33301846845633576 4.111206652194669
4.111206652194669 0.33301846845633576 7.706278178588762
4.111206652194669 1.1700880740862347 0.6242288703554796
4.111206652194669 1.1700880740862347 0.33301846845633576
4.111206652194669 1.1700880740862347 1.1700880740862347
4.111206652194669 1.1700880740862347 2.1932804745261136
4.111206652194669 1.1700880740862347 4.111206652194669
4.111206652194669 1.1700880740862347 7.706278178588762
4.111206652194669 2.1932804745261136 0.6242288703554796
4.111206652194669 2.1932804745261136 0.33301846845633576
4.111206652194669 2.1932804745261136 1.1700880740862347
4.111206652194669 2.1932804745261136 2.1932804745261136
4.111206652194669 2.1932804745261136 4.111206652194669
4.111206652194669 2.1932804745261136 7.706278178588762
4.111206652194669 4.111206652194669 0.6242288703554796
4.111206652194669 4.111206652194669 0.33301846845633576
4.111206652194669 4.111206652194669 1.1700880740862347
4.111206652194669 4.111206652194669 2.1932804745261136
4.111206652194669 4.111206652194669 4.111206652194669
4.111206652194669 4.111206652194669 7.706278178588762
4.111206652194669 7.706278178588762 0.6242288703554796
4.111206652194669 7.706278178588762 0.33301846845633576
4.111206652194669 7.706278178588762 1.1700880740862347
4.111206652194669 7.706278178588762 2.1932804745261136
4.111206652194669 7.706278178588762 4.111206652194669
4.111206652194669 7.706278178588762 7.706278178588762
7.706278178588762 0.6242288703554796 0.6242288703554796
7.706278178588762 0.6242288703554796 0.33301846845633576
7.706278178588762 0.6242288703554796 1.1700880740862347
7.706278178588762 0.6242288703554796 2.1932804745261136
7.706278178588762 0.6242288703554796 4.111206652194669
7.706278178588762 0.6242288703554796 7.706278178588762
7.706278178588762 0.33301846845633576 0.6242288703554796
7.706278178588762 0.33301846845633576 0.33301846845633576
7.706278178588762 0.33301846845633576 1.1700880740862347
7.706278178588762 0.33301846845633576 2.1932804745261136
7.706278178588762 0.33301846845633576 4.111206652194669
7.706278178588762 0.33301846845633576 7.706278178588762
7.706278178588762 1.1700880740862347 0.6242288703554796
7.706278178588762 1.1700880740862347 0.33301846845633576
7.706278178588762 1.1700880740862347 1.1700880740862347
7.706278178588762 1.1700880740862347 2.1932804745261136
7.706278178588762 1.1700880740862347 4.111206652194669
7.706278178588762 1.1700880740862347 7.706278178588762
7.706278178588762 2.1932804745261136 0.6242288703554796
7.706278178588762 2.1932804745261136 0.33301846845633576
7.706278178588762 2.1932804745261136 1.1700880740862347
7.706278178588762 2.1932804745261136 2.1932804745261136
7.706278178588762 2.1932804745261136 4.111206652194669
7.706278178588762 2.1932804745261136 7.706278178588762
7.706278178588762 4.111206652194669 0.6242288703554796
7.706278178588762 4.111206652194669 0.33301846845633576
7.706278178588762 4.111206652194669 1.1700880740862347
7.706278178588762 4.111206652194669 2.1932804745261136
7.706278178588762 4.111206652194669 4.111206652194669
7.706278178588762 4.111206652194669 7.706278178588762
7.706278178588762 7.706278178588762 0.6242288703554796
7.706278178588762 7.706278178588762 0.33301846845633576
7.706278178588762 7.706278178588762 1.1700880740862347
7.706278178588762 7.706278178588762 2.1932804745261136
7.706278178588762 7.706278178588762 4.111206652194669
7.706278178588762 7.706278178588762 7.706278178588762
